3
12
25
37
48
58
62
71
83
93
107
118
125
137
144
152
164
174
181
196
203
211
226
236
246
255
266
277
285
292
306
313
325
338
347
354
362
371
388
398
406
411
424
439
445
453
463
477
483
495
505
519
529
532
548
557
567
571
582
592
604
618
625
631
647
655
667
672
686
698
702
714
721
736
747
752
768
776
787
798
809
816
825
838
845
858
862
875
889
897
908
914
921
938
946
956
967
977
984
999
1006
1014
1027
1032
1043
1058
1068
1074
1086
1098
1107
1114
1128
1139
1146
1158
1163
1177
1186
1192
1201
1213
1228
1238
1243
1257
1267
1276
1286
1299
1309
1318
1328
1334
1347
1353
1367
1376
1388
1398
1404
1416
1427
1436
1449
1456
1466
1477
1485
1497
1503
1518
1524
1532
1545
1558
1567
1579
1581
1598
1606
1615
1628
1633
1644
1655
1668
1677
1681
1698
1707
1711
1721
1737
1744
1753
1765
1771
1789
1791
1801
1811
1827
1837
1844
1855
1867
1876
1881
1897
1905
1914
1926
1935
1948
1956
1967
1972
1987
1993
2004
2011
2023
2032
2041
2058
2063
2078
2082
2096
2106
2118
2121
2137
2141
2159
2166
2175
2185
2197
2205
2219
2221
2238
2245
2253
2268
2271
2287
2296
2309
2319
2325
2335
2349
2358
2364
2371
2385
2399
2407
2416
2426
2431
2448
2452
2464
2479
2482
2492
2507
2512
2524
2532
2541
2555
2562
2578
2581
2594
2609
2617
2627
2633
2643
2655
2667
2673
2682
2694
2701
2718
2722
2736
2743
2759
2766
2779
2782
2791
2803
2811
2822
2835
2848
2854
2869
2877
2885
2895
2905
2911
2926
2937
2943
2959
2962
2973
2981
2992
3008
3019
3023
3038
3046
3052
3062
3075
3087
3094
3102
3119
3125
3137
3143
3158
3169
3171
3182
3193
3204
3213
3228
3236
3249
3259
3268
3273
3285
3296
3305
3313
3321
3336
3345
3355
3366
3373
3382
3391
3405
3413
3428
3435
3447
3455
3462
3479
3487
3496
3503
3511
3526
3536
3544
3553
3566
3576
3585
3599
3601
3613
3621
3634
3645
3659
3663
3677
3689
3696
3709
3715
3725
3731
3741
3758
3762
3771
3785
3791
3808
3814
3826
3834
3847
3857
3869
3875
3889
3898
3908
3916
3929
3934
3947
3954
3967
3979
3988
3998
4003
4013
4027
4032
4049
4052
4069
4078
4089
4098
4109
4115
4124
4137
4144
4155
4169
4174
4181
4196
4201
4212
4224
4233
4242
4252
4263
4272
4282
4295
4309
4316
4325
4337
4347
4351
4364
4376
4384
4395
4407
4417
4428
4434
4447
4458
4467
4475
4483
4494
4504
4515
4528
4539
4546
4558
4566
4576
4585
4592
4605
4617
4621
4637
4646
4658
4661
4672
4686
4693
4706
4714
4723
4738
4749
4758
4769
4771
4789
4792
4807
4816
4821
4834
4849
4859
4867
4872
4884
4894
4906
4912
4923
4936
4945
4952
4962
4972
4988
4996
5003
5017
5025
5034
5049
5053
5064
5074
5081
5099
5102
5116
5125
5138
5146
5153
5162
5177
5186
5196
5206
5214
5224
5237
5244
5254
5268
5278
5289
5296
5302
5311
5328
5339
5341
5353
5363
5378
5383
5391
5402
5414
5423
5438
5446
5452
5465
5475
5486
5499
5507
5519
5528
5537
5543
5559
5563
5576
5585
5596
5608
5611
5621
5634
5642
5659
5669
5672
5684
5692
5708
5711
5728
5737
5745
5759
5766
5777
5784
5791
5808
5813
5823
5839
5847
5855
5865
5876
5886
5895
5905
5919
5925
5931
5948
5956
5962
5978
5989
5991
6008
6019
6029
6037
6042
6053
6062
6072
6087
6093
6101
6118
6128
6132
6141
6157
6161
6175
6186
6194
6207
6211
6223
6231
6245
6257
6266
6273
6284
6299
6303
6313
6326
6332
6341
6359
6369
6378
6385
6398
6402
6418
6422
6431
6443
6458
6464
6474
6485
6492
6505
6512
6526
6536
6544
6557
6566
6571
6586
6596
6602
6611
6625
6635
6644
6655
6666
6678
6684
6698
6709
6714
6724
6738
6747
6751
6762
6778
6786
6792
6804
6812
6829
6836
6848
6854
6861
6876
6881
6891
6906
6917
6921
6931
6943
6959
6966
6979
6983
6997
7007
7016
7024
7037
7046
7058
7062
7072
7086
7094
7108
7119
7126
7137
7141
7157
7164
7173
7181
7194
7209
7218
7228
7239
7245
7259
7262
7275
7285
7296
7305
7311
7327
7333
7346
7356
7366
7374
7381
7392
7406
7413
7423
7437
7447
7455
7469
7478
7483
7493
7503
7517
7524
7531
7544
7554
7567
7571
7585
7597
7609
7611
7621
7636
7642
7658
7664
7673
7688
7692
7704
7718
7725
7732
7747
7758
7765
7778
7788
7792
7808
7812
7822
7837
7845
7851
7863
7872
7881
7896
7907
7915
7925
7937
7949
7956
7961
7978
7984
7991
8001
8015
8021
8039
8049
8058
8065
8079
8082
8097
8108
8111
8125
8132
8141
8156
8167
8178
8186
8194
8202
8219
8225
8236
8243
8252
8263
8274
8281
8294
8306
8312
8327
8335
8343
8357
8364
8372
8381
8395
8405
8412
8421
8435
8447
8453
8466
8472
8482
8496
8502
8516
8527
8531
8546
8557
8569
8577
8581
8598
8609
8619
8622
8639
8647
8659
8669
8671
8681
8699
8708
8714
8724
8739
8741
8757
8762
8772
8783
8799
8807
8819
8827
8835
8844
8853
8862
8874
8889
8894
8909
8915
8925
8931
8942
8953
8965
8975
8986
8998
9008
9017
9023
9031
9049
9055
9063
9072
9089
9098
9107
9116
9127
9139
9141
9154
9162
9171
9182
9195
9206
9218
9229
9239
9243
9257
9268
9274
9284
9296
9302
9316
9322
9331
9343
9351
9362
9372
9388
9397
9405
9416
9426
9436
9446
9457
9462
9479
9482
9491
9505
9513
9524
9534
9546
9553
9562
9571
9584
9594
9606
9616
9624
9631
9645
9657
9661
9676
9682
9697
9707
9713
9726
9734
9748
9751
9766
9776
9786
9795
9802
9815
9825
9834
9848
9858
9862
9875
9887
9896
9901
9913
9922
9937
9941
9956
9961
9979
9986
9997
10003
10012
10023
10037
10047
10058
10064
10078
10089
10091
10101
10113
10124
10133
10149
10155
10164
10178
10181
10196
10206
10212
10228
10238
10242
10259
10267
10275
10287
10297
10306
10319
10323
10335
10345
10352
10369
10373
10381
10394
10406
10414
10428
10436
10442
10459
10465
10472
10486
10497
10506
10514
10527
10534
10545
10552
10564
10579
10589
10594
10602
10617
10621
10636
10649
10658
10662
10673
10686
10695
10704
10719
10729
10738
10748
10756
10764
10773
10782
10796
10805
10818
10829
10838
10841
10858
10861
10872
10884
10894
10908
10918
10922
10934
10947
10958
10969
10979
10987
10991
11007
11019
11026
11032
11046
11053
11064
11074
11089
11096
11108
11115
11124
11134
11149
11159
11165
11177
11189
11194
11202
11213
11229
11233
11249
11252
11266
11278
11281
11297
11306
11315
11329
11335
11349
11354
11361
11376
11386
11392
11407
11416
11428
11437
11446
11457
11462
11471
11489
11496
11507
11516
11522
11533
11545
11559
11563
11575
11585
11592
11608
11611
11624
11631
11649
11652
11669
11673
11685
11695
11704
11713
11723
11733
11743
11756
11763
11779
11784
11798
11803
11818
11826
11835
11841
11858
11862
11872
11884
11891
11907
11917
11923
11932
11949
11959
11969
11977
11981
11991
12009
12017
12022
12034
12047
12059
12061
12076
12082
12099
12109
12112
12126
12138
12143
12152
12161
12174
12185
12195
12202
12211
12222
12231
12248
12253
12263
12272
12281
12296
12305
12314
12327
12332
12344
12354
12368
12371
12381
12391
12401
12413
12422
12434
12442
12456
12466
12476
12483
12498
12507
12512
12525
12535
12544
12552
12568
12574
12587
12592
12603
12612
12622
12635
12648
12655
12669
12678
12685
12696
12702
12711
12724
12739
12745
12756
12764
12777
12781
12793
12806
12816
12822
12838
12846
12854
12862
12878
12887
12892
12903
12916
12924
12936
12943
12959
12963
12977
12981
12994
13001
13013
13022
13038
13047
13054
13068
13071
13083
13094
13108
13118
13129
13136
13149
13159
13164
13174
13181
13196
13206
13219
13228
13233
13241
13251
13262
13276
13284
13293
13307
13318
13322
13333
13348
13355
13366
13374
13387
13396
13406
13418
13429
13438
13444
13455
13468
13478
13485
13492
13509
13513
13528
13535
13542
13552
13563
13573
13582
13591
13608
13611
13628
13631
13644
13658
13667
13671
13683
13699
13705
13718
13724
13738
13748
13758
13764
13774
13783
13793
13801
13817
13825
13834
13841
13853
13862
13876
13889
13893
13909
13918
13921
13935
13941
13955
13968
13971
13981
13993
14001
14017
14025
14031
14049
14053
14068
14072
14083
14098
14106
14118
14126
14139
14148
14154
14168
14177
14187
14196
14206
14215
14224
14233
14243
14254
14269
14273
14283
14292
14305
14313
14321
14334
14349
14351
14362
14376
14386
14395
14405
14416
14422
14432
14448
14453
14462
14472
14486
14495
14509
14519
14521
14539
14546
14557
14561
14578
14584
14593
14603
14613
14626
14639
14643
14656
14666
14679
14686
14692
14705
14719
14724
14734
14746
14757
14766
14775
14782
14796
14806
14816
14825
14835
14848
14859
14863
14873
14887
14891
14906
14912
14929
14939
14946
14959
14962
14973
14982
14998
15004
15012
15026
15036
15047
15052
15066
15073
15082
15093
15101
15113
15121
15138
15148
15155
15169
15176
15183
15196
15209
15215
15224
15236
15241
15257
15265
15271
15283
15296
15303
15311
15327
15333
15349
15356
15363
15372
15388
15396
15409
15416
15426
15436
15441
15453
15467
15479
15484
15499
15504
15516
15528
15539
15545
15558
15563
15575
15581
15591
15602
15614
15623
15632
15647
15657
15667
15677
15683
15696
15706
15716
15722
15734
15747
15753
15769
15774
15784
15797
15801
15819
15821
15831
15847
15858
15863
15874
15883
15898
15906
15918
15929
15932
15945
15952
15968
15976
15983
15992
16009
16017
16026
16034
16046
16051
16067
16079
16085
16094
16109
16113
16124
16136
16145
16159
16161
16178
16181
16191
16201
16216
16225
16232
16244
16254
16263
16277
16284
16298
16305
16318
16322
16332
16341
16359
16367
16371
16381
16397
16408
16411
16422
16435
16445
16456
16462
16476
16488
16499
16507
16515
16521
16532
16547
16556
16563
16575
16589
16599
16609
16618
16621
16635
16649
16657
16667
16679
16686
16696
16702
16716
16726
16734
16744
16759
16764
16777
16789
16798
16809
16814
16825
16832
16845
16851
16868
16876
16882
16894
16904
16917
16925
16931
16948
16957
16963
16978
16982
16999
17004
17015
17028
17031
17048
17051
17068
17076
17087
17097
17109
17115
17126
17136
17145
17157
17163
17174
17189
17191
17205
17218
17226
17234
17249
17251
17267
17276
17282
17294
17307
17313
17321
17334
17347
17359
17363
17376
17385
17399
17404
17417
17429
17434
17449
17457
17462
17476
17482
17496
17503
17514
17522
17531
17543
17557
17562
17573
17586
17592
17607
17616
17625
17631
17647
17651
17661
17672
17682
17698
17708
17711
17729
17734
17747
17758
17765
17776
17786
17793
17805
17816
17822
17835
17848
17858
17864
17877
17882
17894
17903
17915
17921
17936
17947
17951
17969
17973
17986
17995
18005
18011
18028
18031
18048
18055
18065
18072
18081
18092
18106
18112
18127
18132
18149
18154
18166
18177
18186
18197
18203
18214
18225
18235
18246
18251
18266
18275
18285
18299
18306
18311
18329
18335
18341
18354
18369
18377
18383
18391
18405
18414
18428
18431
18446
18457
18463
18474
18489
18498
18508
18515
18528
18532
18545
18557
18561
18575
18581
18597
18608
18611
18627
18632
18649
18656
18668
18677
18685
18697
18704
18714
18725
18732
18749
18757
18762
18775
18786
18799
18804
18812
18822
18838
18841
18859
18869
18877
18883
18894
18909
18918
18929
18939
18943
18952
18961
18972
18985
18991
19007
19012
19024
19038
19047
19053
19067
19076
19088
19093
19105
19113
19122
19134
19143
19153
19169
19173
19188
19191
19208
19213
19227
19234
19243
19256
19262
19279
19289
19297
19302
19315
19321
19338
19348
19354
19362
19377
19382
19397
19403
19419
19429
19435
19448
19453
19466
19478
19486
19494
19507
19513
19529
19535
19549
19551
19567
19575
19586
19595
19604
19611
19625
19635
19644
19659
19661
19671
19684
19699
19704
19713
19726
19739
19745
19757
19762
19779
19786
19792
19803
19812
19828
19831
19842
19852
19862
19874
19888
19891
19903
19917
19924
19932
19943
19953
19968
19971
19987
19994
